image: fixfive1.pgm
resolution: 0.050000
origin: [-14.354494, -13.790292, 0.000000]
negate: 0
occupied_thresh: 0.65
free_thresh: 0.196

